081703337474
081230812611
085853818627
0895355774335
089678294373
089648885164
08988849028
6288215485782
089650692459
081328655313
08979954530
6281391963025
62895361886626
6289630865396
6289669254505
6289670091607
6285803450487
6285229314700
6287700535779
6285876514856
62895386993267
6282221866680
6282223720734
6282221623443
6281225262091
628122816952
6282221623443
6289673292396
6282227086955
628113833861
6285643120615
62895376795007
6282221623443
6289519783194
6289669864511
6282226746462
62895362979615
6282223544163
6285335971941
6285385590073
6289651416161
6282283960456
6281324522214
6281326155113
6281228737525
6285229954660
628976319296
6285328342399
628976130009
62895410157404
6285740910942
6285726818944
6287831589544
6282225129546
6289672885040
6282323696757
6287719661709
6285294662606
6285745812995
6281215832874
6285357730986
6281280986738
6282331582339
6289522474751
6282245523971
6282242112536
6282227795408
6289624665302
6285975130709
6285282038651
6285642859214
6285228026583
62895422530137
628987573609
6287831742934
6289670836955
6281542871387
6289660067337
62895424370008
6285325291401
6283839205123
6285727230015
6282223225535
6285257312334
62895386074919
6289619829015
6281575508932
62895322180689
62895360904286
6282228043569
6289683691355
62895353072893
6282120055003
628111805800
6281271827741
6283120052895
6285811464631
6282225133083
6285603493198
6281390085301
6287730333378
6285731941247
6287730333378
6281322484671
6289697408838
6283123631515
6281548972716
6285799342323
6285889037479
6285974787074
628985678560
6289685939455
6283116442935
6289662555901
6282310443893
6281221803011
6282130403924
6282125685441
6281384357641
6289648454579
6282318497541
6284731040522
6289625767088
628953656989149
6289514989834
6281229711114
6282115198809
62895365698914
62895412960092
6285647479784
6285322904659
6282115198809
6283866109234
62895809659555
6285862796260
6289505794091
6287700961115
6282298393233
628996933762
6281320774049
6283823321676
6285813970070
62895365698914
6285742417767
628979443216
6285945861209
6281211939901
6281320236088
6285647479784
6285711190601
6285647479784
628995989839
6281221592416
6285885495385
62895341231328
6282311475945
6282216441035
6282118180147
6283822282294
6289636578000
6283113326568
62811330078
6285647479784
6285773883386
